[detector]
name = Andor DU-888
chip = CCD201-20
xsize = 1024
ysize = 1024
stagecount = 604
biaslevel = 131.65730859648374
readnoise = 5.541459699681898
p_pcic = 0.0011521208513942014
p_scic = 6.712206105538832e-05
p_em = 0.01301219705368739
systemgain = 2461.860134498612
overscan_xbeg = 0
overscan_xend = 0
overscan_ybeg = 0
overscan_yend = 0

[adc]
preampgain = 1
bitdepth = 16

[files]
exten = 0
path = ./
searchfitsrecursive = True
histname = bias-histogram.dat
filecount = 3000
binvalmin = 0
binvalmax = 20000

[fit]
ignoreserialcic = False
fit_ndof = 10
fit_chi2 = 1
fit_p = 1

[pc]
method = threshold
threshold = 15
crlimit = 65000

