[detector]
name = Andor DU-888
chip = CCD201-20
xsize = 1024
ysize = 1024
stagecount = 604
biaslevel = 100.4251866597047
readnoise = 5.583215041994193
p_pcic = 0.025084020868369004
p_scic = 0.00013899633358975042
p_em = 0.009632481012363927
systemgain = 300
overscan_xbeg = 1
overscan_xend = 8
overscan_ybeg = 0
overscan_yend = 0

[adc]
preampgain = 4
bitdepth = 16

[files]
exten = 0
path = ./
histname = bias-histogram.dat
filecount = 21
binvalmin = 0
binvalmax = 2000

[fit]
ignoreserialcic = False
fit_ndof = 10
fit_chi2 = 1
fit_p = 1

[pc]
method = threshold
threshold = 9
crlimit = 16117
