[detector]
name = Andor DU-888
chip = CCD201-20
xsize = 1024
ysize = 1024
stagecount = 604
biaslevel = 97.26599682294068
readnoise = 5.2526622653591355
p_pcic = 0.05091469648341491
p_scic = 7.234489480655185e-05
p_em = 0.009598550055810218
systememgain = 300
systemgain = 320.4983392518986

[adc]
preampgain = 4 # TODO not used currently, needed if converted to electrons
bitdepth = 16

[files]
exten = 0
path = ./
histname = bias-histogram.dat
filecount = 37
binvalmin = 0
binvalmax = 2000

[fit]
ignoreserialcic = False
fit_ndof = 10
fit_chi2 = 1
fit_p = 1

[pc]
method = threshold # TODO include Bayes counting as well
threshold = 9 # ADU or electrons above bias level
saturationlimit = 16117

